0 0.11015013054830287 0.9406005221932113 0.06315274151436032 0.07963446475195823
0 0.05764523498694516 0.8015665796344648 0.038919712793733685 0.13054830287206273
0 0.025701697127937333 0.7565274151436031 0.03377937336814621 0.13968668407310703
0 0.07306625326370758 0.6533942825042771 0.028639033942558765 0.15796344647519597
0 0.19092689295039164 0.7278067885117494 0.06609007832898174 0.0744125326370758
0 0.12116512397004836 0.7271540603121909 0.0660900783289817 0.06527415143603137
0 0.11455613577023499 0.6390339425587467 0.03965404699738903 0.09791122715404704
0 0.1299771540469974 0.5143603133159269 0.02496736292428199 0.12271540469973892
0 0.07086322585305545 0.5202350069173725 0.0492003916449086 0.10313315926892949
0 0.023865861618798955 0.6299006609007833 0.04773172323759791 0.06397886749347265
0 0.04442721932114882 0.379242819843342 0.03451370757180157 0.12140992167101829
0 0.06755874673629243 0.1168407310704961 0.03231070496083551 0.13707571801566582
0 0.08775290737052732 0.2480417554847164 0.04626305483028721 0.12010443864229767
0 0.1373204960835509 0.18994778067885118 0.039654046997389045 0.1318537859007833
0 0.1527415143603133 0.038511749347258484 0.06021540469973889 0.06919060052219321
0 0.10757996083550912 0.3067885117493473 0.07710509138381201 0.0704960835509138
0 0.13218015665796343 0.3492167101827677 0.06021540469973887 0.08746736292428199
0 0.17256852442584455 0.42493477910777117 0.030842036553524788 0.14490861618798953
0 0.20561357702349867 0.09007832898172324 0.02643603133159271 0.1514360313315927
0 0.3187011466851279 0.37728540750317047 0.033779373368146216 0.13838120104438642
0 0.22140176240208873 0.20430809399477806 0.06388707571801565 0.09268929503916444
0 0.21038674934725848 0.28655352480417756 0.07710509138381201 0.05352480417754567
0 0.2581184725848564 0.3929503916449086 0.07563642297650126 0.12010443864229764
0 0.29299937619145267 0.28133161266149775 0.04406005221932112 0.11879895561357705
0 0.28455450391644904 0.49738903394255873 0.07416775456919061 0.060052219321148785
0 0.37451044386422977 0.489556135770235 0.08665143603133153 0.0574412532637075
0 0.30548302872062666 0.6044386422976502 0.035248041775456936 0.12793733681462144
0 0.26619614882506526 0.6357702349869452 0.04920039164490863 0.14360313315926895
0 0.34073107049608353 0.7956919060052219 0.03818537859007833 0.11096605744125326
0 0.37230744125326365 0.6592689295039165 0.06609007832898171 0.10704960835509134
0 0.39874347258485643 0.6906005221932116 0.07490208877284595 0.09921671018276754
0 0.396907637075718 0.8146214099216711 0.05801240208877281 0.10443864229765012
0 0.45638872617156606 0.736945209657199 0.024233028720626635 0.1449086161879896
0 0.37634626180692377 0.3113576291184596 0.06976174934725854 0.1031331592689295
0 0.4119614882506527 0.26566579634464754 0.0352480417754569 0.12663185378590075
0 0.44941253263707565 0.15013054830287206 0.08812010443864232 0.07049608355091384
0 0.4519827002832289 0.2049607423055258 0.091791775456919 0.05483028720626628
0 0.4519827023498695 0.05613577023498694 0.04626305483028723 0.09138381201044385
0 0.3491759138381201 0.08289817232375979 0.03304503916449086 0.108355091383812
0 0.3319190600522194 0.16906005221932116 0.07783942558746737 0.08485639686684075
0 0.29189784595300255 0.08616187989556134 0.08151109660574413 0.10443864229765012
0 0.4391318537859008 0.5248041775456919 0.03377937336814625 0.13838120104438645
0 0.45785737597911225 0.40013054830287204 0.08151109660574413 0.0535248041775457
0 0.5283534595300261 0.43603133159268936 0.04479438642297651 0.13315926892950394
0 0.4795202246537427 0.6057441253263708 0.02790469973890346 0.12532637075718014
0 0.4920039164490861 0.5058746736292428 0.05874673629242814 0.061357702349869356
0 0.5221116187989555 0.5874673629242819 0.03231070496083554 0.1279373368146213
0 0.5426729765013054 0.7669712793733682 0.08077676240208888 0.12663185378590072
0 0.5812255221932114 0.7114882506527416 0.06976174934725847 0.0966057441253264
0 0.5848971932114881 0.5678851174934725 0.03745104438642301 0.13315926892950394
0 0.5044875979112271 0.07898172323759792 0.026436031331592745 0.12140992167101829
0 0.5232131201044387 0.23302872062663182 0.028639033942558713 0.1240208877284595
0 0.5463446475195822 0.28133159268929503 0.039654046997388906 0.12402088772845954
0 0.6076615535248041 0.21148825065274152 0.04038838120104437 0.1174934725848564
0 0.5419386309311273 0.1429503849875077 0.02496736292428203 0.12402088772845955
0 0.6484170987277155 0.2180157390277545 0.05287206266318542 0.1566579634464752
0 0.6311602480417755 0.06919060052219321 0.03157637075718028 0.1174934725848564
0 0.6741187989556136 0.06657963446475196 0.04259138381201041 0.12010443864229764
0 0.6972503263707571 0.1409921671018277 0.03745104438642301 0.12010443864229765
0 0.706429503916449 0.34073107049608353 0.05434073107049613 0.15404699738903394
0 0.6289572319976462 0.36292430861393776 0.02717036553524814 0.10443864229765007
0 0.6061928851174935 0.32767624020887726 0.024233028720626562 0.09921671018276762
0 0.6241840607072064 0.549608341776582 0.04699738903394255 0.13054830287206273
0 0.6586977672456878 0.4477806522215714 0.03377937336814625 0.13577023498694515
0 0.7027578328981724 0.4986945169712794 0.03671671018276768 0.12532637075718023
0 0.7387402181771668 0.5058746736292429 0.026436031331592606 0.14751958224543082
0 0.6917428208766624 0.5920366400710159 0.0704960835509138 0.0430809399477807
0 0.61463772845953 0.8048302872062664 0.055809399477806776 0.09791122715404711
0 0.660900765723373 0.8191905938647922 0.036716710182767544 0.13968668407310703
0 0.7148743472584858 0.8864229765013054 0.05066906005221924 0.09399477806788496
0 0.6836673321723995 0.748693438472334 0.03672101292224213 0.07963446475195823
0 0.7508566850047487 0.7284594501372991 0.04479438642297651 0.16187989556135776
0 0.8220871409921671 0.5861618798955613 0.08885443864229757 0.060052219321148785
0 0.8096034595300261 0.8831592689295039 0.09619778067885122 0.09530026109660582
0 0.8213528067885117 0.7754569190600523 0.049200391644908734 0.10966057441253256
0 0.8514605091383811 0.6716710182767623 0.06829308093994754 0.07702349869451687
0 0.8878100522193211 0.762402088772846 0.06168407310704964 0.07832898172323766
0 0.9454552872062663 0.716710182767624 0.07269908616187991 0.06527415143603137
0 0.9726278154777745 0.928198333559352 0.05067336279169395 0.10443864229765012
0 0.9043325718015666 0.9386422976501305 0.05066906005221924 0.07832898172323752
0 0.9403149477806788 0.5567885117493472 0.08297976501305471 0.10574412532637076
0 0.8297976418639863 0.42493471253376214 0.06755874673629236 0.07441253263707573
0 0.8470545070164098 0.4862925280594469 0.08885443864229771 0.05613577023498692
0 0.7582000652741513 0.3087467362924282 0.05066906005221924 0.09007832898172329
0 0.7886749347258486 0.3563968668407311 0.055809399477806776 0.10704960835509138
0 0.7875734334203653 0.20365535248041777 0.0638870757180156 0.10443864229765014
0 0.7582000477077072 0.05678849177714458 0.07269908616187991 0.07963446475195823
0 0.8532963446475196 0.0489556135770235 0.0704960835509138 0.06919060052219322
0 0.9124102480417754 0.09921671018276762 0.031576370757180144 0.13315926892950392
0 0.9660166449086163 0.12663185378590078 0.038919712793733796 0.13838120104438645
0 0.9704226501305483 0.3446475195822454 0.05360639686684067 0.13054830287206265
0 0.9539001305483029 0.42558746736292435 0.0514033942558747 0.13054830287206265
0 0.9175505874673628 0.45496083550913835 0.04038838120104429 0.14490861618798945
0 0.8962548955613576 0.3185378590078329 0.034513707571801576 0.16187989556135768
0 0.863944177167359 0.27676236880176835 0.04479438642297651 0.1644908616187989
0 0.8279618166880502 0.1475192360605842 0.049200391644908595 0.12010443864229763
0 0.733599905617906 0.6331588561706483 0.057278067885117565 0.11749347258485626
