0 0.052504895561357706 0.8067885117493472 0.0433257180156658 0.143603133159269
0 0.1064784595300261 0.5496083550913838 0.0910574412532637 0.07832898172323752
0 0.02753753263707572 0.5639737679503917 0.05507506527415144 0.13578043407310708
0 0.10941579634464751 0.3544386422976501 0.04406005221932112 0.12402088772845954
0 0.037451044386422966 0.3361669794386423 0.07490208877284593 0.07964466383812013
0 0.04516155352480418 0.25130548302872063 0.08151109660574413 0.06396866840731072
0 0.14613250652741516 0.25326370757180156 0.09399477806788514 0.07049608355091383
0 0.08701860313315926 0.13511749347258487 0.03745104438642299 0.12924281984334204
0 0.058379569190600514 0.08681462140992167 0.06976174934725847 0.13968668407310705
0 0.12446964751958223 0.0887728459530026 0.04773172323759793 0.14099216710182766
0 0.18578655352480417 0.09986945169712794 0.039654046997389045 0.14751958224543082
0 0.2504079634464752 0.631201044386423 0.07637075718015666 0.08485639686684074
0 0.2860231723237598 0.5750652741514359 0.04479438642297648 0.08224543080939944
0 0.2404944454972064 0.2428198366846356 0.05360639686684074 0.13054830287206265
0 0.3153965404699739 0.07702349869451697 0.03598237597911229 0.14099216710182766
0 0.30988903394255873 0.37010443864229764 0.0543407310704961 0.12402088772845957
0 0.29630385117493474 0.2584856396866841 0.07563642297650133 0.07310704960835505
0 0.37451044386422977 0.10966057441253263 0.03671671018276761 0.13838120104438642
0 0.41269582245430814 0.7898172323759792 0.0734334203655353 0.13054830287206257
0 0.3712059399477806 0.943864229765013 0.04626305483028723 0.1070496083550914
0 0.3792836161879896 0.2519582245430809 0.03598237597911229 0.11488250652741513
0 0.34844157963446476 0.24673629242819842 0.04479438642297651 0.13577023498694518
0 0.3543162532637076 0.3446475195822455 0.07857375979112277 0.07832898172323756
0 0.44390502610966054 0.1135770234986945 0.07563642297650133 0.10182767624020887
0 0.46263054830287204 0.20822454308093996 0.07490208877284588 0.08746736292428199
0 0.4978785900783289 0.09007832898172324 0.039654046997389045 0.13054830287206268
0 0.5569924934725848 0.2147519582245431 0.07563642297650133 0.12402088772845951
0 0.5272519582245431 0.2597911227154047 0.06609007832898178 0.10966057441253266
0 0.4732783942558747 0.45561357702349875 0.05066906005221931 0.12793733681462144
0 0.05103837852378426 0.9510443864229765 0.043330020755140336 0.09791122715404697
0 0.38075228459530025 0.6024804177545692 0.07563642297650133 0.09007832898172338
0 0.49347258485639683 0.358355091383812 0.04699738903394263 0.08224543080939949
0 0.4589588772845953 0.3074412532637076 0.04846605744125327 0.08746736292428199
0 0.5195414490861618 0.6396866840731071 0.08004242819843349 0.08616187989556139
0 0.5977480417754569 0.72911227154047 0.06168407310704957 0.12663185378590072
0 0.5889360313315927 0.5913837121494303 0.039654046997388975 0.13054830287206273
0 0.5669060052219321 0.39817232375979117 0.08077676240208874 0.06788511749347258
0 0.5430401436031331 0.45691906005221933 0.07710509138381205 0.05744125326370764
0 0.655393276762402 0.2460835509138381 0.07857375979112277 0.08485639686684074
0 0.7218505221932113 0.0685378590078329 0.0939947780678851 0.08746736292428199
0 0.7864719321148824 0.3263707571801567 0.05434073107049613 0.15143603133159275
0 0.7424118798955613 0.17819843342036554 0.10574412532637069 0.07963446475195822
0 0.8386096605744124 0.09203655352480418 0.05140339425587456 0.13968668407310708
0 0.9607947127937336 0.11684073107049606 0.0784105744125327 0.08485639686684071
0 0.65539326849584 0.4184073306771635 0.049200391644908595 0.15274151436031333
0 0.713038510716027 0.39099209387041783 0.04993472584856391 0.14751958224543082
0 0.728827150755528 0.4778069616041727 0.07269908616187984 0.07832898172323766
0 0.6704471279373369 0.6651436031331593 0.08665143603133167 0.06657963446475186
0 0.679259138381201 0.7375979112271541 0.08812010443864224 0.06266318537859007
0 0.6520886881136925 0.5169712793733682 0.08812010443864224 0.060052219321148854
0 0.7596687336814621 0.5718015665796343 0.08885443864229757 0.07049608355091387
0 0.7123041775456919 0.6338120104438641 0.08518276762402081 0.11879895561357692
0 0.767746409921671 0.7095300261096605 0.07416775456919054 0.09791122715404697
0 0.7945496083550913 0.6259791122715405 0.09546344647519575 0.07441253263707573
0 0.819884138381201 0.5345953002610966 0.08591710182767627 0.09530026109660582
0 0.7828002610966057 0.4425587467362924 0.08665143603133146 0.10443864229765012
0 0.8764278596628202 0.3263707571801567 0.049200391644908595 0.15143603133159275
0 0.8503590078328982 0.23563968668407312 0.06462140992167092 0.13446475195822455
0 0.9791530585852354 0.4020887595311512 0.02847584856396864 0.14882506527415146
0 0.9395806208102654 0.42493465927455504 0.035982375979112365 0.13446475195822452
0 0.9182849216710182 0.529373368146214 0.08885443864229771 0.066579634464752
0 0.9652823107049607 0.6018276762402088 0.0550750652741516 0.1488250652741515
0 0.896622072996388 0.6031329262598981 0.08224543080939938 0.08877284595300251
0 0.7512238903394257 0.9131853785900784 0.06609007832898171 0.14751958224543088
0 0.8966220502633422 0.8563968468685285 0.05434073107049613 0.16449086161879906
