0 0.12336814724741946 0.8524804177545693 0.11015013054830289 0.2950391644908615
0 0.28822617493472585 0.8622715404699739 0.11822780678851177 0.09007832898172338
0 0.5390013054830287 0.8629242819843341 0.05874673629242821 0.0939947780678851
0 0.3183338772845953 0.72911227154047 0.08004242819843341 0.08485639686684067
0 0.3403639033942558 0.6227154046997389 0.07416775456919061 0.10443864229765004
0 0.45638870757180156 0.8028720626631854 0.07416775456919054 0.12010443864229771
0 0.3080531984334203 0.2983028720626632 0.062418407310704964 0.2362924281984334
0 0.3444027415143603 0.23302872062663188 0.0543407310704961 0.1657963446475196
0 0.37818211488250647 0.19451697127937337 0.055809399477806776 0.16710182767624018
0 0.4013136422976501 0.05287206266318538 0.07269908616187991 0.10574412532637076
0 0.4618962140992167 0.23433420365535249 0.0381853785900784 0.10574412532637076
0 0.38662694375805956 0.4079633599289841 0.04626305483028723 0.15274151436031325
0 0.48429340731070497 0.48629242819843344 0.08004242819843341 0.07441253263707573
0 0.4784187336814621 0.4131853785900783 0.06682441253263705 0.05874673629242821
0 0.5268847911227154 0.24804177545691908 0.05507506527415138 0.11227154046997391
0 0.552219321148825 0.38838120104438645 0.06609007832898171 0.09530026109660575
0 0.4769500652741514 0.16057441253263707 0.03745104438642301 0.06788511749347259
0 0.5896703727684899 0.4634464285940162 0.04259138381201041 0.04699738903394248
