0 0.0804095953002611 0.1866840731070496 0.04773172323759791 0.057441253263707547
0 0.25628263707571797 0.22389033942558748 0.10574412532637073 0.09007832898172324
0 0.38368961521000017 0.05939947780678852 0.024233028720626635 0.10052219321148825
0 0.32824738903394257 0.043080939947780686 0.026436031331592745 0.08093994778067887
0 0.3355907310704961 0.4719321148825065 0.04699738903394259 0.04830287206266313
0 0.4292183420365535 0.44843342036553524 0.047731723237597945 0.03785900783289819
0 0.3825881201044386 0.4464751958224543 0.03818537859007833 0.05221932114882506
0 0.5338609660574413 0.627284595300261 0.07196475195822451 0.06657963446475193
0 0.6351990861618798 0.6912532637075719 0.08812010443864224 0.10574412532637084
0 0.7280923629242819 0.7676240208877284 0.07710509138381184 0.10704960835509154
0 0.8999265345467067 0.9144908616187989 0.09179177545691886 0.1710182767624022
0 0.6183093994778068 0.8322453642353906 0.12043080939947778 0.08224543080939953
0 0.5423058042328767 0.9301566579634465 0.07123041775456919 0.13968668407310703
0 0.407188315926893 0.5182767624020888 0.04185704960835501 0.07832898172323752
0 0.32677871029342925 0.33942550092115126 0.024967362924281956 0.0887728459530026
0 0.1365861546466538 0.31723237597911225 0.05434073107049611 0.06005221932114881
0 0.3238413838120104 0.5443864229765013 0.03231070496083546 0.0966057441253264
