0 0.0638870808846169 0.1520886996145431 0.08077676240208875 0.28328981723237595
0 0.13364882506527415 0.13838120104438642 0.10280678851174935 0.27676240208877284
0 0.045895887728459525 0.43277272356396873 0.09179177545691905 0.3511647356396867
0 0.20010607049608353 0.4033942558746737 0.18872389033942558 0.15926892950391647
0 0.3271458877284596 0.06919060052219321 0.07123041775456919 0.13577023498694515
0 0.3965404699738903 0.30287206266318534 0.11749347258485635 0.28720626631853785
0 0.4659350522193212 0.4033942558746736 0.12116514360313324 0.3342036553524805
0 0.59884954308094 0.41514360313315934 0.11529046997389031 0.3524804177545693
0 0.4890665569014192 0.07049623001373355 0.08958877284595303 0.07571801566579633
0 0.6715486292428197 0.12402088772845955 0.10647845953002609 0.23498694516971283
0 0.8687173629242821 0.2591383812010444 0.14833550913838123 0.22845953002610966
0 0.9505956266318537 0.10117493472584856 0.08885443864229771 0.15013054830287206
0 0.8404454919502699 0.7793731351371826 0.2180972584856397 0.14360313315926887
0 0.6252855795791338 0.80026091685592 0.2048792428198433 0.143603133159269
0 0.5191742819843342 0.6781984334203655 0.19092689295039164 0.19451697127937337
0 0.2606886422976501 0.7460835509138382 0.1218994778067885 0.34595300261096606
0 0.14282800261096604 0.7676240208877284 0.11235313315926893 0.308093994778068
