0 0.035248041775456915 0.12075718015665796 0.038185378590078325 0.12663185378590078
0 0.07857375979112272 0.1031331592689295 0.03231070496083551 0.12271540469973889
0 0.17036553524804177 0.07702349869451697 0.0925261096605744 0.06527415143603134
0 0.12373533656563256 0.19973900991267018 0.04332573764875054 0.12010463836432467
0 0.03928687989556135 0.33159268929503916 0.05948107049608354 0.09138381201044385
0 0.10611129242819843 0.4360313315926893 0.05948107049608356 0.0966057441253264
0 0.045895887728459525 0.43211488250652735 0.06094973890339425 0.09138381201044389
0 0.08995593994778067 0.6716710182767623 0.05507506527415143 0.12924281984334207
0 0.03928687989556135 0.6220626631853786 0.0462630548302872 0.066579634464752
0 0.024600195822454315 0.687341781016473 0.049200391644908616 0.07181176566579638
0 0.12740698433420367 0.7539164490861618 0.08004242819843341 0.08485639686684067
0 0.08922160574412531 0.8851174934725848 0.03891971279373368 0.122715404699739
0 0.2111232142542461 0.9347258285917658 0.04920469438438321 0.12271540469973885
0 0.2731723237597911 0.5019582245430809 0.03377937336814618 0.09791122715404697
0 0.25921996975705835 0.36684069112609075 0.03818537859007833 0.1201044386422976
0 0.21699575718015665 0.25718015665796345 0.04920039164490863 0.1070496083550914
0 0.19423139686684074 0.3368146214099217 0.058012402088772855 0.13315926892950394
0 0.17403720626631852 0.2043080939947781 0.04259138381201046 0.11096605744125329
0 0.23498694516971277 0.18342036553524804 0.07196475195822455 0.10052219321148824
0 0.24600195719122284 0.0659269528669997 0.033779373368146216 0.108355091383812
0 0.2985068537859007 0.0926892950391645 0.05213772845952999 0.11488250652741515
0 0.3524804177545692 0.028720626631853787 0.06021540469973886 0.057441253263707574
0 0.3778149405474371 0.13250648081333732 0.03598237597911229 0.15013054830287206
0 0.31723237597911225 0.2702349869451697 0.042591383812010476 0.15404699738903396
0 0.3605580784949743 0.3785901382455898 0.03818537859007833 0.164490861618799
0 0.30548302872062666 0.44386422976501305 0.041122715404699764 0.12793733681462144
0 0.40498531331592685 0.8080939947780678 0.0565437336814621 0.14360313315926887
0 0.43289001305483027 0.7591383812010443 0.030107702349869498 0.07963446475195823
0 0.4417020234986945 0.3459530026109661 0.07710509138381198 0.06788511749347258
0 0.4677708877284595 0.2369451697127937 0.04846605744125327 0.16318537859007828
0 0.4347258485639686 0.06919060052219322 0.029373368146214104 0.12271540469973892
0 0.4229764940722413 0.19190609176814377 0.03084203655352475 0.09921671018276765
0 0.39213446475195823 0.2591383812010444 0.04406005221932112 0.08485639686684074
0 0.5459774804177546 0.15992167101827676 0.04626305483028723 0.13185378590078328
0 0.5716791775456919 0.06657963446475196 0.024233028720626562 0.12010443864229764
0 0.6223482375979112 0.06070496083550914 0.021295691906005203 0.10574412532637076
0 0.6788919712793734 0.06788511749347258 0.04332571801566573 0.11488250652741513
0 0.7328655352480418 0.03524804177545692 0.06755874673629222 0.06527415143603134
0 0.7967526026994954 0.05287204269098269 0.03084203655352482 0.08746736292428199
0 0.8389768276762402 0.12271540469973892 0.028639033942558713 0.12532637075718017
0 0.8793652088772845 0.12075718015665796 0.030107702349869498 0.11618798955613578
0 0.9450881201044388 0.2023498694516971 0.06609007832898171 0.1409921671018277
0 0.9806217362924281 0.13250652741514363 0.038756527415143724 0.15796344647519583
0 0.9285656005221932 0.06592689295039164 0.04038838120104444 0.11618798955613575
0 0.6627366187989555 0.1971279373368146 0.03891971279373365 0.13054830287206268
0 0.6965159735673373 0.2330287539136363 0.04038838120104429 0.16057441253263705
0 0.7479193864229765 0.29503916449086165 0.052137728459530026 0.13054830287206268
0 0.8694516971279372 0.3152741514360314 0.09105744125326368 0.09007832898172324
0 0.8889115535248041 0.27154046997389036 0.06094973890339432 0.1018276762402089
0 0.9399477538125247 0.525456998948863 0.03818537859007847 0.16840731070496084
0 0.5066905901889907 0.34073096397766917 0.029373368146214177 0.14360313315926895
0 0.5544223237597911 0.3531331592689295 0.0352480417754569 0.1240208877284595
0 0.4997144255874673 0.4889033942558747 0.10794712793733673 0.06919060052219322
0 0.44390502610966054 0.4275456919060052 0.07416775456919061 0.07180156657963443
0 0.5096279373368147 0.8074412532637076 0.0381853785900784 0.16057441253263705
0 0.5584633132496328 0.9601827676240208 0.038924015533208234 0.07963446475195823
0 0.6043570496083551 0.8668407310704961 0.04552872062663184 0.15143603133159275
0 0.6091302219321149 0.7108355091383812 0.05801240208877296 0.12663185378590072
0 0.5727806788511749 0.6527415143603134 0.03818537859007833 0.1409921671018276
0 0.5904046997389034 0.4915143603133159 0.03524804177545697 0.05352480417754563
0 0.6700799577355483 0.5091382813400309 0.08885443864229764 0.08093994778067881
0 0.6363005874673628 0.4719321148825065 0.07269908616187976 0.0718015665796345
0 0.6407065926892949 0.4275456919060052 0.08297976501305485 0.06919060052219315
0 0.6810949738903395 0.347911227154047 0.03891971279373351 0.15796344647519583
0 0.7526925587467364 0.4569190600522194 0.07930809399477809 0.07310704960835515
0 0.7670120757180158 0.5528720626631854 0.05507506527415146 0.11879895561357699
0 0.8305319843342036 0.4915143603133159 0.03818537859007833 0.11096605744125326
0 0.8657800261096605 0.5600522193211488 0.0704960835509138 0.12271540469973892
0 0.8360394908616189 0.6168407310704961 0.021295691906005203 0.09791122715404704
0 0.7038593342036553 0.6403394255874673 0.06829308093994768 0.066579634464752
0 0.7302953655352481 0.5933420365535248 0.08444843342036563 0.0613577023498695
0 0.7934481070496083 0.7389033942558747 0.04626305483028716 0.14882506527415132
0 0.8253916449086163 0.7212793733681463 0.04699738903394248 0.16318537859007834
0 0.8771622155662007 0.7826373020696462 0.08004242819843341 0.05874673629242821
0 0.7589343994778068 0.7780678851174935 0.03451370757180143 0.10704960835509127
0 0.6825636422976501 0.8185378590078329 0.07269908616187991 0.05483028720626635
0 0.75526272845953 0.8792428198433422 0.07123041775456912 0.10052219321148825
0 0.8103377937336815 0.8609660574412533 0.060949738903394175 0.08485639686684067
0 0.8694516971279372 0.8988250652741514 0.04552872062663184 0.11879895561357699
0 0.8253916449086163 0.9360314381111036 0.0514033942558747 0.04438642297650133
0 0.9326044386422976 0.8283289817232375 0.06609007832898171 0.09268929503916454
0 0.9403149477806788 0.8994778067885117 0.06682441253263705 0.08355091383812009
0 0.8995593994778068 0.6723237597911226 0.06902741514360315 0.0887728459530026
0 0.9755629895561359 0.6690600522193212 0.03745104438642286 0.15535248041775454
0 0.986496409921671 0.564621409921671 0.027007180156657994 0.0613577023498695
0 0.987597911227154 0.47519582245430814 0.024804177545692026 0.14882506527415146
0 0.961610639686684 0.32114882506527415 0.04332571801566587 0.054830287206266315
