0 0.0693945822454308 0.07049608355091384 0.08444843342036552 0.07049608355091384
0 0.12703981723237598 0.0587467362924282 0.04552872062663184 0.09921671018276763
0 0.2147927380360666 0.04046997389033944 0.09619778067885115 0.08093994778067887
0 0.19716873368146215 0.12924281984334204 0.06829308093994775 0.10443864229765014
0 0.2779454960835509 0.15796344647519583 0.03891971279373365 0.13315926892950394
0 0.3018113577023499 0.031331592689295036 0.04846605744125327 0.041775456919060046
0 0.3811194516971279 0.04960835509138381 0.05434073107049613 0.09921671018276762
0 0.3983763054830287 0.23825065274151436 0.031576370757180144 0.11879895561357703
0 0.45161553524804177 0.14164490861618798 0.041122715404699764 0.11618798955613575
0 0.48209040469973885 0.13577023498694515 0.016889686684073126 0.13838120104438642
0 0.054707926071970565 0.21083550913838117 0.046263054830287205 0.1031331592689295
0 0.10684560803208923 0.18733682127881082 0.03157637075718016 0.1527415143603133
0 0.154210182767624 0.23694516971279372 0.05140339425587468 0.08485639686684074
0 0.03157637075718016 0.38250652741514357 0.04259138381201045 0.12010443864229764
0 0.07747225848563968 0.3798955613577023 0.04332571801566579 0.09660574412532633
0 0.07783942558746736 0.4778067885117494 0.04552872062663184 0.06527415143603144
0 0.14466383812010444 0.4719321148825065 0.06315274151436032 0.07963446475195823
0 0.22103459530026107 0.4046997389033942 0.07490208877284597 0.09921671018276769
0 0.2504079634464752 0.3257180156657964 0.04699738903394259 0.12924281984334202
0 0.19606723237597912 0.2558746736292429 0.04112271540469972 0.12010443864229767
0 0.012850848563968668 0.5124069752790983 0.025701697127937337 0.10836529046997391
0 0.05948107049608355 0.652088772845953 0.04699738903394255 0.08485639686684074
0 0.031943537859007824 0.7650130548302871 0.053606396866840725 0.0939947780678851
0 0.08848727154046998 0.7591383812010443 0.05654373368146214 0.09791122715404711
0 0.14356233681462138 0.7885117493472587 0.03745104438642295 0.12010443864229771
0 0.3010770234986945 0.5306788511749347 0.04112271540469972 0.11879895561357692
0 0.346972911227154 0.6044386422976501 0.0433257180156658 0.15926892950391647
0 0.3748776109660574 0.4595300261096606 0.04626305483028723 0.13315926892950386
0 0.29850685378590075 0.3661879895561358 0.0433257180156658 0.13446475195822458
0 0.3557849216710183 0.3198433420365535 0.04332571801566573 0.13838120104438645
0 0.37414327676240206 0.2486945169712794 0.0433257180156658 0.13446475195822458
0 0.2386607675577268 0.9621409921671018 0.03965834973686356 0.07571801566579638
0 0.4655678851174935 0.8909921671018276 0.05874673629242814 0.09530026109660568
0 0.47474706266318534 0.8009138381201043 0.03891971279373365 0.09791122715404711
0 0.44537369451697123 0.3218015665796345 0.02570169712793728 0.07702349869451698
0 0.5243146214099217 0.2741514360313316 0.03671671018276761 0.14099216710182774
0 0.4942069025269283 0.35052206006347036 0.07049608355091387 0.08746736292428196
0 0.4905352480417754 0.4308093994778068 0.06902741514360308 0.08616187989556139
0 0.5184399684470838 0.5058745870830312 0.06315274151436029 0.05613577023498692
0 0.5720463446475196 0.3981723237597911 0.03377937336814618 0.13577023498694515
0 0.5423058093994778 0.14033942558746737 0.03891971279373372 0.10052219321148825
0 0.6087630548302871 0.15469973890339425 0.07049608355091387 0.1553524804177546
0 0.665673955613577 0.13120104438642297 0.027170365535247924 0.11879895561357703
0 0.7137728459530027 0.1514360313315927 0.03231070496083546 0.10182767624020887
0 0.7512238903394255 0.097911227154047 0.08224543080939953 0.06005221932114882
0 0.7736210845842341 0.030026109660574413 0.0756364229765012 0.06005221932114883
0 0.8286961488250653 0.07506527415143605 0.027170365535247924 0.1214099216710183
0 0.8687173649909227 0.16971270053006893 0.03524804177545704 0.13838120104438642
0 0.9091057441253264 0.15469973890339428 0.055809399477806776 0.11357702349869453
0 0.9579389686684072 0.12075718015665796 0.04332571801566573 0.12924281984334204
0 0.9765828981723237 0.27676240208877284 0.046834203655352555 0.13054830287206265
0 0.9102072454308093 0.2859007832898173 0.07269908616187991 0.07832898172323756
0 0.8176811357702349 0.3178851174934726 0.07416775456919054 0.0352480417754569
0 0.9491269582245431 0.4112271540469974 0.02570169712793728 0.11488250652741513
0 0.9785003263707571 0.5933420365535248 0.031576370757180144 0.15013054830287217
0 0.8907473890339426 0.6024804177545692 0.042591383812010546 0.12140992167101829
0 0.8635770234986944 0.5280678851174935 0.0411227154046999 0.09791122715404697
0 0.9381119451697129 0.5365535248041776 0.028639033942558713 0.14360313315926895
0 0.8683501958224542 0.42624020887728464 0.06682441253263705 0.09007832898172324
0 0.7739882506527413 0.38315926892950386 0.07637075718015651 0.07441253263707573
0 0.7350685388923281 0.29177535705804664 0.036716710182767544 0.11879895561357706
0 0.6810949790569407 0.2610965325127155 0.05507506527415146 0.0887728459530026
0 0.7104683420365535 0.4046997389033942 0.03304503916449093 0.15926892950391647
0 0.6660411227154046 0.3727154046997389 0.0837140992167101 0.07702349869451694
0 0.6491514411979328 0.4543078609857467 0.0675587467362923 0.06266318537859014
0 0.6605336161879896 0.5274151436031331 0.05507506527415138 0.07571801566579638
0 0.6050913838120104 0.5737597911227154 0.026436031331592672 0.06396866840731072
0 0.6902741473027504 0.5685378590078328 0.06902741514360329 0.10052219321148825
0 0.7651762288423545 0.619451590609523 0.07196475195822458 0.04830287206266334
0 0.7930809399477806 0.5881201044386423 0.0514033942558747 0.13446475195822458
0 0.7728867493472584 0.47715404699738906 0.07416775456919054 0.09268929503916454
0 0.6091302219321149 0.7016971279373369 0.04773172323759802 0.13968668407310694
0 0.5702105225715445 0.5750651742904225 0.031576370757180214 0.1240208877284595
0 0.5724135117493472 0.8472584856396866 0.08004242819843349 0.08355091383812009
0 0.5353317858344891 0.9451697127937336 0.0440643549587957 0.1096605744125327
0 0.5918755195159513 0.9464751958224542 0.05434503380997057 0.1070496083550914
0 0.7229520234986946 0.8668407310704961 0.08004242819843341 0.09138381201044368
0 0.8092362924281984 0.7637075718015666 0.04406005221932105 0.13838120104438645
0 0.8393439947780679 0.7010443864229765 0.029373368146214034 0.13054830287206273
0 0.9058012402088772 0.7591383812010443 0.08297976501305485 0.08485639686684081
0 0.9109415796344648 0.7114882506527416 0.06682441253263705 0.07571801566579638
0 0.790510770234987 0.8172323759791124 0.04038838120104429 0.10966057441253256
0 0.8918488903394257 0.839425587467363 0.08738577023498706 0.060052219321148785
0 0.946923955613577 0.8674934725848564 0.08591710182767613 0.0718015665796345
0 0.8683523471921916 0.970626631853786 0.07710939412328656 0.05874673629242821
0 0.8903802219321147 0.8909921671018276 0.06829308093994783 0.09530026109660568
0 0.8371409942337426 0.8916447088941613 0.0704960835509138 0.0574412532637075
