0 0.23461977806788512 0.15926892950391644 0.08444843342036552 0.09138381201044385
0 0.3271480390981968 0.04699738903394255 0.03891541005425911 0.0939947780678851
0 0.38993146214099217 0.05809399477806789 0.03818537859007833 0.10574412532637076
0 0.10941579944460827 0.17232372650411826 0.035248041775456915 0.052219321148825035
0 0.12116514360313316 0.28263707571801566 0.04846605744125327 0.05352480417754567
0 0.016155352480417755 0.04634464751958225 0.03231070496083551 0.0639686684073107
0 0.4024151436031332 0.5078328981723237 0.03524804177545697 0.08355091383812016
0 0.5367983028720626 0.6214099216710183 0.06462140992167108 0.09138381201044382
0 0.6333632506527415 0.6788511749347258 0.09619778067885122 0.0887728459530026
0 0.724420678472842 0.7578329248019273 0.05066906005221924 0.1161879895561357
0 0.9146132506527416 0.9112271540469973 0.10941579634464745 0.12010443864229771
0 0.6164735402023025 0.8492165504051461 0.11529046997389038 0.07702349869451694
0 0.5426729765013054 0.9340731070496083 0.06902741514360308 0.10835509138381212
0 0.34219973890339417 0.4725848563968668 0.042591383812010476 0.06527415143603137
0 0.3833224543080939 0.44843342036553524 0.03231070496083554 0.03263707571801568
0 0.4266481723237598 0.4490861618798956 0.03818537859007833 0.04438642297650133
0 0.28418732338145813 0.22911229151267265 0.01762402088772845 0.06919060052219322
0 0.30695169712793735 0.40404699738903394 0.04259138381201041 0.03785900783289819
0 0.31099053524804177 0.2695822454308094 0.016889686684073126 0.07702349869451694
