0 0.11125163185378588 0.8550913838120104 0.15053851174934724 0.19843342036553538
0 0.33632506527415146 0.6044386422976501 0.06021540469973889 0.09138381201044382
0 0.5338609660574413 0.8570496083550913 0.05580939947780685 0.09268929503916454
0 0.4130630143558217 0.8916448020977736 0.1079471279373368 0.09138381201044382
0 0.28161716710182766 0.8674934725848564 0.1079471279373368 0.15013054830287217
0 0.370838772845953 0.45300261096605743 0.05874673629242814 0.10443864229765012
0 0.30034268929503916 0.2793733681462141 0.06609007832898171 0.24281984334203657
0 0.4082898172323759 0.05744125326370757 0.04993472584856398 0.09921671018276762
0 0.3884627937336815 0.240208897256798 0.06609007832898164 0.17232375979112274
0 0.3565192558746736 0.22780678851174932 0.049200391644908595 0.16579634464751958
0 0.4982458398457767 0.4973890672295632 0.049200391644908595 0.09660574412532634
0 0.4883322454308094 0.3942558746736292 0.05434073107049613 0.09138381201044382
0 0.4571230417754569 0.44516971279373363 0.047731723237597945 0.11227154046997384
0 0.45381853785900783 0.25130548302872063 0.03818537859007833 0.11879895561357703
0 0.4710753916449086 0.15143603133159267 0.04038838120104437 0.0939947780678851
0 0.5485476501305483 0.23825065274151436 0.06315274151436022 0.10835509138381201
0 0.5900375326370757 0.52088772845953 0.02570169712793735 0.08355091383812009
