0 0.07894092689295039 0.07310704960835508 0.04773172323759791 0.11749347258485639
0 0.12593831592689295 0.06788511749347259 0.03304503916449086 0.12010443864229765
0 0.17550587467362924 0.06592689295039164 0.03084203655352482 0.10835509138381201
0 0.019092689295039163 0.15404699738903394 0.038185378590078325 0.08877284595300258
0 0.13621909811009306 0.20300245784583681 0.07857375979112272 0.0352480417754569
0 0.05360639686684074 0.22715404699738906 0.07490208877284596 0.08877284595300267
0 0.12373531331592687 0.3087467362924282 0.04626305483028721 0.13185378590078328
0 0.06278557441253264 0.2898172323759791 0.04626305483028721 0.12271540469973889
0 0.06388707571801566 0.4654046997389034 0.03965404699738904 0.12402088772845943
0 0.09472907817197215 0.45757173499257064 0.04112271540469972 0.12402088772845957
0 0.1729357049608355 0.5522193211488251 0.09032310704960836 0.10966057441253263
0 0.04259136934552691 0.6142297250686495 0.051403394255874674 0.1214099216710183
0 0.0939947780678851 0.7486945169712794 0.06315274151436029 0.09530026109660568
0 0.055442226176057596 0.8407309972646735 0.07710509138381201 0.08877284595300267
0 0.1527436657300506 0.9412532637075718 0.058751039031902756 0.11749347258485641
0 0.10904862924281986 0.8694516971279372 0.0418570496083551 0.10443864229765026
0 0.2265421018276762 0.36684073107049614 0.058012402088772855 0.1148825065274152
0 0.17734171018276762 0.3080939947780679 0.047731723237597876 0.12271540469973889
0 0.23058093994778064 0.23498694516971277 0.08518276762402088 0.09399477806788514
0 0.27096932114882505 0.10966057441253266 0.07343342036553523 0.052219321148825076
0 0.35211325065274146 0.11357702349869453 0.07269908616187987 0.054830287206266315
0 0.3091546997389034 0.22389033942558748 0.03231070496083546 0.13185378590078328
0 0.28345300261096606 0.32963446475195823 0.0749020887728459 0.07441253263707569
0 0.3462385635903354 0.35443867558465464 0.03745104438642301 0.13185378590078334
0 0.2808828328981723 0.42232375979112274 0.044794386422976444 0.10052219321148818
0 0.3040143603133159 0.5254569190600522 0.07783942558746734 0.05352480417754577
0 0.33155189295039167 0.6318537859007833 0.03598237597911233 0.0966057441253264
0 0.4013136422976501 0.5685378590078329 0.049200391644908595 0.12140992167101829
0 0.398009138381201 0.43407310704960833 0.044060052219321195 0.1422976501305483
0 0.45051403394255873 0.3746736292428199 0.05654373368146217 0.13315926892950394
0 0.4523498694516971 0.26174934725848564 0.07490208877284595 0.07441253263707569
0 0.43546018276762405 0.17036553524804177 0.06462140992167108 0.10052219321148824
0 0.5580939947780679 0.379242819843342 0.039654046997388975 0.1422976501305483
0 0.5584611618798955 0.24673629242819842 0.030107702349869356 0.11227154046997388
0 0.5081592689295039 0.2506527415143603 0.03671671018276768 0.11488250652741513
0 0.501183093994778 0.09595300261096605 0.03891971279373365 0.097911227154047
0 0.5687418407310705 0.11749347258485641 0.03745104438642294 0.09921671018276763
0 0.6091302219321149 0.1468668407310705 0.03304503916449086 0.11879895561357703
0 0.6238169060052219 0.2317232375979112 0.03598237597911222 0.13446475195822455
0 0.6693456266318537 0.1031331592689295 0.03745104438642301 0.13054830287206268
0 0.7001876631853786 0.25 0.04185704960835523 0.1449086161879896
0 0.6634709530026108 0.2852480417754569 0.034513707571801576 0.11357702349869453
0 0.6921099786786078 0.3753263774145811 0.06829308093994783 0.11618798955613573
0 0.5977480417754569 0.4634464751958224 0.05580939947780685 0.10966057441253263
0 0.52615045691906 0.5195822454308094 0.07416775456919054 0.1018276762402089
0 0.5290877937336815 0.6083550913838119 0.0756364229765014 0.07310704960835515
0 0.6076615535248042 0.6201044386422977 0.03891971279373365 0.15404699738903388
0 0.6172078981723237 0.5267624020887729 0.09032310704960843 0.05613577023498699
0 0.6843994778067884 0.47389033942558745 0.0778394255874673 0.08355091383812009
0 0.7468178954506959 0.5065273685417968 0.04112271540469962 0.12010443864229771
0 0.6726501305483029 0.5698433420365535 0.05140339425587456 0.08485639686684081
0 0.688438315926893 0.6135770234986946 0.062418407310704964 0.08093994778067874
0 0.6377692558746736 0.8035248041775458 0.034513707571801645 0.1553524804177546
0 0.49420690666020917 0.8570496349846948 0.05287206266318542 0.13185378590078314
0 0.4013136422976501 0.8544386422976501 0.06976174934725847 0.10574412532637084
0 0.6987189947780678 0.05678851174934725 0.03598237597911222 0.08485639686684072
0 0.7380058746736293 0.10509138381201044 0.023498694516971314 0.09530026109660575
0 0.7850032637075718 0.16906005221932116 0.08958877284595303 0.061357702349869446
0 0.79161227154047 0.07637075718015666 0.07490208877284601 0.08485639686684074
0 0.917183447231862 0.0600522526081533 0.09840078328981719 0.07049608355091383
0 0.8720218658074108 0.1631851988402541 0.04185704960835508 0.11749347258485637
0 0.9304014360313314 0.15535248041775457 0.0616840731070495 0.05221932114882506
0 0.9711569843342036 0.10117493472584858 0.04038838120104429 0.08746736292428199
0 0.9340731070496082 0.26174934725848564 0.03671671018276768 0.12140992167101829
0 0.8958877274262096 0.26501289505266573 0.041122715404699764 0.11749347258485635
0 0.8048302872062664 0.2741514360313316 0.08077676240208874 0.11227154046997388
0 0.7497552219321147 0.2852480417754569 0.03377937336814611 0.12140992167101824
0 0.8007914490861617 0.40013054830287204 0.06829308093994783 0.06919060052219322
0 0.8617411879895562 0.3942558746736292 0.0638870757180156 0.0966057441253264
0 0.9447209530026108 0.3818537859007833 0.07416775456919054 0.06919060052219322
0 0.971809725848564 0.48041775456919056 0.05638054830287203 0.08093994778067888
0 0.8966220626631853 0.508485639686684 0.07930809399477823 0.08224543080939953
0 0.8286961488250653 0.489556135770235 0.06829308093994768 0.06527415143603144
0 0.8213528067885116 0.5587467362924282 0.07123041775456912 0.05744125326370764
0 0.8900130548302871 0.6364229765013054 0.03377937336814625 0.09268929503916461
0 0.9304014360313314 0.6795039164490863 0.029373368146214177 0.13185378590078337
0 0.8345706385233034 0.8094003732272088 0.024233036987188886 0.10443875547346565
0 0.8007914490861618 0.7310704960835508 0.0903231070496085 0.07832898172323766
0 0.7570985639686684 0.6383812010443864 0.04552872062663198 0.08355091383812009
0 0.8275946475195822 0.6546997389033943 0.0704960835509138 0.08485639686684074
0 0.9649151436031331 0.6194516971279374 0.03671671018276768 0.08485639686684081
0 0.9787043080939947 0.7206266518259886 0.042591383812010546 0.16187989556135776
0 0.961529046997389 0.8635770234986944 0.07694190600522205 0.10313315926892941
0 0.9204879242819842 0.7754569190600523 0.09032310704960836 0.09921671018276769
0 0.8852398825065273 0.8766318537859007 0.060949738903394175 0.05352480417754563
0 0.9623449738903395 0.9680156657963446 0.07123041775456912 0.05352480417754563
0 0.8136422976501305 0.9164490861618799 0.0352480417754569 0.12532637075718014
0 0.7398438615525049 0.9562663185378589 0.09326474660370437 0.0874673629242821
