0 0.11345463446475196 0.8446475195822455 0.1608191906005222 0.15404699738903405
0 0.3120920365535248 0.6840731070496082 0.08077676240208877 0.06527415143603137
0 0.2783126652520191 0.8740207545804417 0.10721279373368146 0.1710182767624022
0 0.8029944516971278 0.28394255874673635 0.09032310704960836 0.12924281984334204
0 0.3792836161879895 0.7702349869451698 0.15788185378590072 0.1096605744125327
0 0.539735610753717 0.8766319070451078 0.061684073107049577 0.12663185378590086
0 0.561031347092493 0.2650129216822693 0.08812010443864232 0.07571801566579633
0 0.2911635117493473 0.2898172323759791 0.06976174934725851 0.2402088772845953
0 0.4031494778067885 0.08355091383812012 0.06609007832898171 0.09138381201044388
0 0.3550505874673629 0.2473890339425588 0.049200391644908595 0.1945169712793734
0 0.4046181462140992 0.28067885117493474 0.03818537859007833 0.16187989556135768
0 0.3605580939947781 0.4464751958224544 0.06315274151436036 0.09138381201044389
0 0.46813805483028714 0.49543080939947787 0.091791775456919 0.10313315926892948
0 0.48392622470907354 0.4046997788477997 0.09840078328981719 0.0887728459530026
0 0.5819598563968669 0.42036553524804177 0.05507506527415153 0.07832898172323759
