0 0.08151109660574413 0.41514360313315923 0.04993472584856397 0.10182767624020883
0 0.17073270234986943 0.28067885117493474 0.035982375979112274 0.12010443864229764
0 0.089588772845953 0.13772845953002613 0.04846605744125326 0.1161879895561358
0 0.14613250652741513 0.04569190600522194 0.058746736292428194 0.07571801566579635
0 0.18835672323759792 0.1879895561357702 0.05360639686684074 0.13054830287206262
0 0.20488139418958062 0.03590078328981724 0.038181075850603784 0.07180156657963448
0 0.21515992167101827 0.14621409921671016 0.05874673629242821 0.13315926892950392
0 0.2794141644908616 0.13250652741514363 0.03745104438642301 0.1370757180156658
0 0.3238413838120104 0.1070496083550914 0.03818537859007829 0.13054830287206268
0 0.34807441253263705 0.03720626631853786 0.039654046997389045 0.050913838120104436
0 0.3814866322321189 0.10966057441253263 0.022764360313315846 0.1227154046997389
0 0.4086569843342036 0.04830287206266319 0.02276436031331592 0.06527415143603134
0 0.4435378590078329 0.1801566579634465 0.029373368146214034 0.14882506527415143
0 0.38148661879895557 0.24347258485639686 0.05066906005221931 0.12140992167101831
0 0.3304503916449086 0.2904699738903394 0.033779373368146216 0.15013054830287204
0 0.2672976501305483 0.2845953002610966 0.05287206266318538 0.13577023498694515
0 0.205246409921671 0.3433420365535248 0.062418407310704964 0.13315926892950392
0 0.24086161879895562 0.4432114882506528 0.03818537859007837 0.11879895561357706
0 0.1391563315926893 0.6808093994778068 0.06682441253263707 0.0979112271540469
0 0.056176566579634456 0.7486945169712794 0.06388707571801566 0.11879895561357699
0 0.05874673629242821 0.6005221932114883 0.05140339425587468 0.11227154046997384
0 0.014686684073107048 0.5802921726613816 0.029373368146214097 0.0718117656657963
0 0.01285084856396867 0.2924330250230646 0.025701697127937337 0.1122817395561358
0 0.02717036553524804 0.3831643684725849 0.05434073107049608 0.07701329960835508
0 0.17477154046997387 0.8903394255874673 0.055809399477806776 0.14099216710182774
0 0.36239392950391647 0.6821148825065273 0.04626305483028723 0.10835509138381205
0 0.40168080939947776 0.6886422976501305 0.026436031331592745 0.0718015665796345
0 0.4707082245430809 0.585509138381201 0.027904699738903388 0.17362924281984327
0 0.5085285770678662 0.9510443131915668 0.049204694384383255 0.06919060052219322
0 0.5727828302209121 0.9386422976501305 0.05728237062459208 0.12271540469973885
0 0.5503834856396866 0.7839425587467364 0.05801240208877296 0.15274151436031333
0 0.5345953002610966 0.6044386422976501 0.04112271540469983 0.1148825065274152
0 0.5338609660574413 0.5261096605744126 0.07049608355091387 0.07571801566579638
0 0.38405678851174935 0.3198432222033374 0.07343342036553523 0.07310704960835512
0 0.4273825065274151 0.3785900783289817 0.07637075718015666 0.0887728459530026
0 0.4571230417754569 0.41514360313315934 0.07857375979112277 0.06788511749347258
0 0.4696067232375979 0.2891644908616188 0.03598237597911222 0.1501305483028721
0 0.5011830939947781 0.3087467362924282 0.03010770234986943 0.12402088772845954
0 0.5110966057441253 0.14882506527415143 0.030842036553524892 0.12271540469973889
0 0.5235802872062664 0.034595300261096605 0.04993472584856398 0.05091383812010444
0 0.548547644963947 0.08289803917574186 0.08224543080939953 0.05874673629242821
0 0.5944435378590078 0.04112271540469974 0.052137728459530026 0.06919060052219321
0 0.6164735639686684 0.11357702349869453 0.05948107049608353 0.1070496083550914
0 0.684032310704961 0.14295039164490864 0.04479438642297651 0.1266318537859008
0 0.6337304177545691 0.24216710182767628 0.0484660574412532 0.08224543080939949
0 0.543407310704961 0.3198433420365535 0.07049608355091387 0.09138381201044385
0 0.5933420365535248 0.3439947780678851 0.06168407310704957 0.09007832898172324
0 0.5235802872062664 0.42101827676240206 0.04993472584856398 0.09007832898172324
0 0.550016318537859 0.44582245430809403 0.042591383812010476 0.07963446475195823
0 0.6311602480417754 0.4197127937336815 0.06976174934725854 0.050913838120104415
0 0.7082653394255874 0.3563968668407311 0.10941579634464758 0.06266318537859007
0 0.8554993927245769 0.28263722218083537 0.10133812010443848 0.11096605744125326
0 0.8962548955613576 0.35966057441253263 0.08591710182767613 0.05613577023498692
0 0.8242901436031331 0.38054830287206265 0.052137728459530165 0.07702349869451694
0 0.8037287859007833 0.4301566579634465 0.03304503916449079 0.08224543080939953
0 0.7420447127937336 0.5378590078328982 0.027170365535247924 0.11488250652741513
0 0.6880711488250653 0.5195822454308094 0.08518276762402081 0.05483028720626628
0 0.670079960835509 0.5757180156657964 0.09179177545691906 0.031331592689295105
0 0.5966465404699739 0.5920365535248042 0.049200391644908664 0.11096605744125342
0 0.6575962793733682 0.7610966057441254 0.08151109660574413 0.08616187989556139
0 0.7244206919060052 0.8374673629242821 0.06388707571801575 0.14490861618798945
0 0.7207490208877283 0.693864229765013 0.04038838120104444 0.11879895561357706
0 0.7615045691906005 0.6821148825065273 0.04846605744125327 0.12924281984334202
0 0.8132751305483029 0.6129242819843341 0.09913511749347251 0.08746736292428203
0 0.8632098563968669 0.5966057441253263 0.0741677545691907 0.07832898172323766
0 0.8239229765013056 0.5176240208877284 0.07196475195822458 0.09530026109660575
0 0.8566008485639688 0.4843342036553524 0.05507506527415146 0.10443864229765004
0 0.9102072247644044 0.47519582245430814 0.03304503916449093 0.13838120104438645
0 0.9656494860733505 0.43276762402088775 0.022030026109660525 0.1214099216710183
0 0.9516971279373369 0.22650130548302871 0.06021540469973886 0.07180156657963443
0 0.9035982375979111 0.13054830287206265 0.0565437336814621 0.10443864229765012
0 0.8492574858610101 0.15469963904238085 0.049200391644908595 0.09530026109660578
0 0.7967526109660574 0.06070496083550916 0.029373368146214034 0.1214099216710183
0 0.8470545039164492 0.047650130548302874 0.04332571801566573 0.08485639686684074
0 0.933338772845953 0.05156657963446475 0.03818537859007833 0.08746736292428199
0 0.8632098563968669 0.70822454308094 0.08591710182767627 0.0744125326370758
0 0.9035982375979111 0.7643603133159269 0.07123041775456912 0.08746736292428196
0 0.7993227765455699 0.7917753836876503 0.08444843342036563 0.05613577023498692
0 0.8004242819843341 0.8655352480417754 0.08077676240208888 0.0574412532637075
0 0.8613740208877286 0.9079634464751959 0.04552872062663184 0.10835509138381198
