0 0.13291449189493906 0.17036553524804174 0.12924281984334207 0.34073107049608353
0 0.06462140992167102 0.22323759791122716 0.11602480417754568 0.3289817232375979
0 0.038185378590078325 0.48042285411227154 0.07637075718015665 0.35508118472584854
0 0.3488087467362924 0.09986945169712795 0.07637075718015666 0.19190600522193216
0 0.15053851174934724 0.7656657963446476 0.0954634464751958 0.3537859007832899
0 0.25554830287206265 0.6768929503916449 0.09840078328981722 0.3955613577023499
0 0.21295691906005224 0.44516971279373363 0.21883159268929508 0.185378590078329
0 0.3858926240208877 0.3870757180156657 0.07857375979112277 0.34595300261096606
0 0.4703432232774744 0.08094009757219901 0.09619347793937676 0.16188019514439803
0 0.5033860966057442 0.7193211488250653 0.19312989556135776 0.21932114882506532
0 0.49016806699012455 0.4092689295039164 0.13585179977659317 0.32245430809399495
0 0.6080287206266318 0.4634464751958224 0.12924281984334193 0.3420365535248041
0 0.8863413838120104 0.12271540469973892 0.2158942558746736 0.17754569190600525
0 0.857335182767624 0.3309399477806788 0.1960672323759792 0.2911227154046997
0 0.06278557441253263 0.8590078328981723 0.11969647519582244 0.15404699738903388
0 0.6810949604571761 0.7806787313417186 0.19753590078328986 0.2558746736292427
0 0.807033300150435 0.8550912706361952 0.2203002610966057 0.20626631853785898
0 0.951248368146214 0.4627937336814621 0.09750326370757179 0.3537859007832898
