0 0.0804095953002611 0.15535248041775457 0.06241840731070496 0.07310704960835508
0 0.1307114882506527 0.08159268929503918 0.03818537859007831 0.10835509138381204
0 0.0756364229765013 0.05091383812010444 0.04552872062663185 0.07049608355091384
0 0.027904699738903395 0.22780678851174932 0.04259138381201044 0.11357702349869449
0 0.02643598689882186 0.3479111738948398 0.03965404699738903 0.1109660574412533
0 0.08958877697923401 0.34595295600915976 0.04406005221932114 0.11749347258485646
0 0.1277741245697048 0.4020887994755566 0.044060052219321175 0.13838120104438636
0 0.05911390339425587 0.529373368146214 0.038919712793733685 0.14751958224543088
0 0.04259137141216742 0.6853784902173155 0.04406005221932115 0.15926892950391647
0 0.10317395561357703 0.5378590078328982 0.03891971279373367 0.09921671018276769
0 0.16926403394255873 0.6181462140992167 0.07269908616187991 0.06919060052219322
0 0.1083142960724847 0.6227151983203112 0.07123041775456918 0.06266318537859
0 0.1002366187989556 0.8191906005221932 0.0447943864229765 0.10574412532637069
0 0.06388707571801566 0.8942558746736293 0.06315274151436032 0.04699738903394248
0 0.10243962140992167 0.9569190600522194 0.0433257180156658 0.07571801566579622
0 0.00807767624020888 0.879247919386423 0.01615535248041776 0.0926994941253264
0 0.24159595300261094 0.49086161879895557 0.04846605744125327 0.13054830287206265
0 0.17770887728459528 0.368798955613577 0.04699738903394254 0.11357702349869449
0 0.1879895850687373 0.2637076250607738 0.04259138381201044 0.0966057441253264
0 0.17734172051597014 0.16253262376091623 0.028639033942558744 0.1161879895561358
0 0.2316824412532637 0.06788511749347258 0.034513707571801576 0.11227154046997388
0 0.2930014986282229 0.023498694516971275 0.08811580169916773 0.04699738903394255
0 0.34623857702349864 0.12271540469973892 0.047731723237597876 0.12532637075718017
0 0.2720708214209878 0.17493462598755052 0.07710509138381198 0.060052219321148854
0 0.24196312010443863 0.2943864229765013 0.05213772845953006 0.1240208877284595
0 0.3128263707571801 0.27284595300261094 0.027904699738903388 0.11488250652741513
0 0.27023498694516973 0.3949086161879896 0.09840078328981722 0.05613577023498699
0 0.357253590078329 0.3922976501305483 0.06976174934725847 0.0483028720626632
0 0.3917672697504837 0.20561351044948975 0.04626305483028723 0.1370757180156658
0 0.3884627937336815 0.05091383812010444 0.06755874673629243 0.09399477806788513
0 0.45602369183971114 0.030026109660574413 0.06902311240412856 0.06005221932114883
0 0.3058501958224543 0.4980417754569191 0.038919712793733685 0.13185378590078328
0 0.3337548955613577 0.5763707571801566 0.07710509138381198 0.050913838120104415
0 0.3381609007832898 0.7030026109660574 0.031576370757180075 0.10574412532637069
0 0.4035166449086162 0.6579634464751959 0.02570169712793735 0.14882506527415146
0 0.4064540054896033 0.508485639686684 0.049200391644908595 0.12663185378590078
0 0.428851155301641 0.3648825065274152 0.0352480417754569 0.14751958224543082
0 0.44610802872062666 0.2669712793733682 0.05507506527415138 0.07180156657963448
0 0.5074249347258486 0.32049608355091386 0.03377937336814625 0.10313315926892955
0 0.5121981070496083 0.13642297650130547 0.03598237597911229 0.1240208877284595
0 0.5268847911227154 0.05221932114882506 0.02570169712793735 0.07832898172323759
0 0.5746165143603134 0.15274151436031333 0.030107702349869356 0.12793733681462144
0 0.5423058093994778 0.262402088772846 0.0653557441253264 0.08616187989556139
0 0.5525864882506526 0.44125326370757184 0.03891971279373372 0.13838120104438645
0 0.4622633812010444 0.5032637075718016 0.04332571801566573 0.10313315926892955
0 0.4916367493472585 0.4314621409921671 0.0433257180156658 0.1422976501305483
0 0.5514849869451697 0.6090078328981723 0.057278067885117426 0.10313315926892955
0 0.5338609660574413 0.6736292428198434 0.06609007832898171 0.09138381201044389
0 0.48576204678504864 0.9105744325048398 0.0594810704960836 0.12402088772845957
0 0.6440110966057441 0.8642297650130547 0.029373368146214034 0.14360313315926887
0 0.6017868798955613 0.6879895561357702 0.05066906005221931 0.08616187989556125
0 0.6594321148825065 0.5502610966057442 0.08518276762402088 0.06657963446475193
0 0.6069272193211488 0.4875979112271541 0.06241840731070503 0.08746736292428203
0 0.6462140992167101 0.043080939947780686 0.03671671018276761 0.08616187989556137
0 0.6418080939947781 0.12467362924281984 0.04406005221932112 0.06919060052219318
0 0.6843994778067884 0.2173629242819843 0.036716710182767544 0.1057441253263708
0 0.6260199086161881 0.24020887728459528 0.05654373368146224 0.09138381201044385
0 0.6432767582688079 0.3113575558870497 0.04552872062663191 0.10313315926892955
0 0.6873368146214099 0.04569190600522194 0.023498694516971314 0.08093994778067887
0 0.7383730417754569 0.05548302872062663 0.03891971279373365 0.09007832898172324
0 0.8118064621409923 0.06266318537859009 0.049200391644908595 0.09660574412532638
0 0.9586733028720625 0.04699738903394255 0.04185704960835523 0.07049608355091383
0 0.9395806135770235 0.12859007832898173 0.07710509138381212 0.05874673629242823
0 0.8628426665619935 0.16057443250483977 0.05874673629242821 0.11749347258485637
0 0.7820659268929504 0.15535248041775457 0.09105744125326368 0.07310704960835508
0 0.7864719372814838 0.22323749139281282 0.08224543080939938 0.06527415143603132
0 0.9388462793733681 0.3139686684073107 0.05507506527415146 0.14751958224543077
0 0.9351746083550913 0.20757180156657967 0.0565437336814621 0.07832898172323763
0 0.7497552198654744 0.5783287886586116 0.04699738903394248 0.15665796344647517
0 0.7479193750564535 0.44843342036553524 0.03891971279373365 0.14229765013054838
0 0.7093668407310705 0.3492167101827676 0.041122715404699764 0.1161879895561357
0 0.6891726501305483 0.4556134838198862 0.06829308093994768 0.07310704960835515
0 0.8147437989556136 0.3257180156657964 0.09179177545691913 0.06919060052219322
0 0.8694517105611007 0.22911231814227626 0.03524804177545704 0.1370757180156658
0 0.8988250652741514 0.3315926892950392 0.04406005221932105 0.14360313315926895
0 0.9410492819843341 0.45496083550913835 0.0844484334203655 0.08485639686684067
0 0.8540306788511748 0.4308093994778068 0.08224543080939938 0.1018276762402089
0 0.8132751305483029 0.4758485639686684 0.07123041775456912 0.05613577023498692
0 0.873123368146214 0.5639686684073107 0.12483681462141007 0.06266318537859007
0 0.8577023250697654 0.6422975569269357 0.08371409921671016 0.049608355091383914
0 0.9392134464751959 0.7088772845953002 0.03818537859007833 0.13315926892950386
0 0.9839262402088772 0.6775456919060052 0.032147519582245536 0.09660574412532633
0 0.8661471932114883 0.8035248041775458 0.035982375979112365 0.14751958224543088
0 0.9087385770234987 0.8387728459530027 0.05948107049608353 0.1161879895561357
0 0.9839262402088772 0.8107049608355092 0.032147519582245536 0.15665796344647517
0 0.971809725848564 0.922976501305483 0.05638054830287203 0.0522193211488252
0 0.8918488903394255 0.9242819843342036 0.09179177545691886 0.06266318537859007
0 0.8275967988893194 0.970626631853786 0.029377670885688614 0.05874673629242821
0 0.7945496186882939 0.7832897573157679 0.0778394255874673 0.06788511749347265
0 0.6946801421914799 0.7806787180269168 0.07490208877284601 0.04699738903394248
0 0.679626289983225 0.6631853586178749 0.03891967766084552 0.13315926892950375
0 0.64401108007262 0.714099203395381 0.02790469973890353 0.1070496083550914
