0 0.12373528954956108 0.8420365734970068 0.12557114882506526 0.16971279373368145
0 0.5412043080939948 0.8492167101827676 0.05434073107049613 0.13185378590078314
0 0.30768603133159267 0.693864229765013 0.08077676240208874 0.06657963446475207
0 0.42407800261096606 0.7734986945169713 0.12116514360313317 0.10835509138381212
0 0.37597912467138345 0.9079633599289839 0.19092689295039159 0.11096605744125326
0 0.29887402088772846 0.8838120104438641 0.11455613577023499 0.1775456919060052
0 0.3385280678851174 0.6377284595300261 0.06902741514360308 0.08746736292428196
0 0.306217362924282 0.25587467362924277 0.0543407310704961 0.2584856396866841
0 0.4024151436031332 0.06135770234986945 0.06902741514360308 0.08355091383812012
0 0.3539490799619584 0.2819844007776643 0.04259138381201041 0.18276762402088775
0 0.40645398172323755 0.27023498694516973 0.04626305483028723 0.15926892950391647
0 0.4567558746736293 0.21801566579634465 0.03671671018276761 0.11749347258485641
0 0.3671670945944344 0.464099210052782 0.044060052219321195 0.10313315926892949
0 0.4226093342036553 0.48563968668407315 0.04185704960835508 0.15665796344647526
0 0.48392624020887726 0.48759791122715407 0.06902741514360308 0.10052219321148825
0 0.48429340731070497 0.39882506527415146 0.05801240208877281 0.06919060052219322
0 0.5727806788511749 0.1664490861618799 0.05874673629242821 0.11879895561357703
0 0.5118309399477806 0.30417754569190597 0.055809399477806776 0.12271540469973885
