0 0.11235310215966136 0.8577023631842536 0.16889686684073105 0.1749347258485641
0 0.5334937989556136 0.8590078328981724 0.06241840731070503 0.08616187989556139
0 0.38185380036726685 0.9131854451640872 0.1777088772845953 0.0874673629242821
0 0.28896050913838117 0.8590078328981723 0.14906984334203652 0.14882506527415132
0 0.30621733295799464 0.7134464751958225 0.11455613577023498 0.09268929503916455
0 0.29153067885117495 0.2774151436031332 0.06902741514360318 0.251958224543081
0 0.40645398172323755 0.08289817232375978 0.05066906005221931 0.1422976501305483
0 0.3521132465194604 0.254569203915324 0.03891971279373372 0.20626631853785898
0 0.40168080939947776 0.24543080939947784 0.041122715404699764 0.1409921671018277
0 0.41563317993533444 0.4732374581058083 0.08518276762402088 0.15796344647519583
0 0.4850277260145566 0.4928199165734464 0.04920039164490852 0.07702349869451702
0 0.4898009138381201 0.4033942558746736 0.0514033942558747 0.06527415143603128
0 0.6381364229765013 0.13315926892950394 0.06168407310704964 0.10443864229765014
0 0.45638870343852056 0.2493472518282388 0.03451370757180151 0.12793733681462144
0 0.5151354438642298 0.2643603133159269 0.06094973890339425 0.07963446475195823
0 0.5364311357702349 0.3577023498694517 0.058012402088772744 0.09138381201044389
