0 0.12006364229765012 0.17819843342036554 0.13291449086161877 0.3015665796344647
0 0.06278557441253263 0.2460835509138381 0.09766644908616189 0.3015665796344647
0 0.04295855091383812 0.43473094810704965 0.08591710182767624 0.318527659921671
0 0.1391563315926893 0.8146214099216711 0.09619778067885118 0.3629242819843342
0 0.20304340731070497 0.42689295039164493 0.17697454308093996 0.23237597911227162
0 0.24122878590078328 0.7578328981723237 0.06682441253263707 0.2963446475195823
0 0.3458714295547558 0.0926892684095609 0.055809399477806776 0.15404699738903396
0 0.38001795039164493 0.35966057441253263 0.1167591383812011 0.3302872062663185
0 0.4916367493472585 0.37206266318537856 0.13878916449086162 0.3028720626631854
0 0.6094973890339426 0.4523498694516971 0.11308746736292427 0.325065274151436
0 0.48760006259689137 0.08289817232375979 0.09839648055034267 0.16579634464751958
0 0.6730194490198679 0.13054830287206268 0.10941149360517301 0.26109660574412535
0 0.8349379895561357 0.06592689295039164 0.19533289817232372 0.12140992167101826
0 0.9494962839293498 0.10835509138381201 0.05727376514564284 0.21671018276762402
0 0.8602725195822453 0.29699738903394257 0.2019419060052219 0.25718015665796345
0 0.8253916449086163 0.8100522193211488 0.1718342036553524 0.1631853785900782
0 0.6337304177545692 0.8283289817232375 0.1850522193211488 0.18407310704960836
0 0.5151354438642297 0.7140992167101828 0.24453328981723232 0.1409921671018276
