0 0.0216628590078329 0.12597911227154046 0.040388381201044384 0.10313315926892948
0 0.08701860313315926 0.2154046997389034 0.04332571801566579 0.04699738903394255
0 0.11712630548302873 0.3002610966057441 0.040388381201044384 0.04438642297650133
0 0.2147927545691906 0.06396866840731069 0.06682441253263707 0.08616187989556134
0 0.3267787206266318 0.04765013054830287 0.033779373368146216 0.08224543080939947
0 0.38809562663185376 0.054830287206266315 0.027170365535247997 0.09921671018276762
0 0.2885933420365535 0.21409921671018278 0.01615535248041777 0.05744125326370757
0 0.30658453002610964 0.25 0.018358355091383807 0.03263707571801568
0 0.3095218730406526 0.289817245690781 0.019827023498694488 0.03394255874673629
0 0.31539654046997384 0.3263707571801567 0.011015013054830228 0.03655352480417761
0 0.29263218015665793 0.360313315926893 0.03304503916449086 0.02610966057441253
0 0.33081755874673624 0.3962140992167102 0.031576370757180144 0.03263707571801568
0 0.2559154699738903 0.3825065274151436 0.03157637075718018 0.020887728459530023
0 0.3403639033942559 0.46997389033942555 0.034513707571801576 0.05483028720626628
0 0.3737761096605744 0.44778067885117495 0.03084203655352482 0.04699738903394255
0 0.42334366840731064 0.4503916449086162 0.04038838120104437 0.03655352480417754
0 0.41159432114882505 0.5143603133159269 0.030107702349869498 0.06527415143603128
0 0.5199086161879896 0.622715404699739 0.07343342036553523 0.07832898172323766
0 0.6315274151436031 0.6834203655352481 0.09546344647519575 0.0874673629242821
0 0.6172078981723237 0.8492167101827676 0.12263381201044382 0.061357702349869356
0 0.5551588093331837 0.9530026109660574 0.08371840195618475 0.0939947780678851
0 0.910574412532637 0.9073107049608354 0.1028067885117494 0.13315926892950386
0 0.32273987527328557 0.5613577023498695 0.02570169712793735 0.11488250652741515
