0 0.38552545691906004 0.08550913838120106 0.03671671018276768 0.08746736292428199
0 0.33155188055054857 0.04308092663297889 0.031576370757180214 0.08355091383812012
0 0.4784187336814621 0.49216710182767626 0.08885443864229764 0.07832898172323766
0 0.12924281157678 0.26697128603076903 0.07049608355091383 0.07180156657963448
0 0.19533288887244146 0.25130548968612154 0.03965404699738901 0.06657963446475197
0 0.3440355744125326 0.46409921671018284 0.04626305483028723 0.05613577023498699
0 0.3902986292428199 0.43603133159268936 0.034513707571801645 0.044386422976501264
0 0.42738249826085306 0.44386424973721583 0.0352480417754569 0.04177545691906013
0 0.5588283289817232 0.6383812010443864 0.07490208877284601 0.09138381201044389
0 0.6234497389033943 0.8263707571801566 0.10574412532637084 0.11749347258485641
0 0.9204879025822589 0.9125326437331189 0.12557114882506526 0.11488250652741515
0 0.7141400171881113 0.9301565980468383 0.10207245430809393 0.10313315926892955
0 0.5320251305483029 0.9308093994778068 0.0859171018276762 0.13838120104438645
0 0.6381364116099785 0.6892951123959007 0.07930809399477809 0.13315926892950394
0 0.740576044386423 0.8002610966057441 0.08591710182767613 0.12010443864229771
