0 0.14099216710182766 0.8798955613577024 0.09546344647519582 0.21409921671018295
0 0.5430401436031331 0.872715404699739 0.060949738903394175 0.08746736292428196
0 0.3153965012038043 0.8975196687916425 0.20341057441253263 0.1422976501305483
0 0.30438152741514357 0.706266318537859 0.0844484334203655 0.07310704960835508
0 0.3425669060052219 0.6214099216710183 0.062418407310704964 0.1044386422976502
0 0.3058501958224543 0.2943864229765013 0.0653557441253264 0.2415143603133159
0 0.3943374435965585 0.061357735636873925 0.07343342036553523 0.10182767624020887
0 0.38332245430809403 0.1716710182767624 0.07196475195822458 0.11096605744125326
0 0.3421997389033942 0.20496083550913838 0.055809399477806776 0.1906005221932115
0 0.3759791122715404 0.46409921671018284 0.0734334203655353 0.10574412532637076
0 0.40608681462140994 0.3942558746736292 0.06755874673629243 0.1096605744125327
0 0.48906657963446476 0.48237597911227154 0.07930809399477809 0.07702349869451694
0 0.4857620757180156 0.4073107049608355 0.06388707571801568 0.06527415143603128
0 0.5110966057441253 0.26631853785900783 0.06755874673629236 0.05221932114882506
0 0.4541857049608355 0.2415143603133159 0.03745104438642301 0.12271540469973889
0 0.5841628590078329 0.5665796344647519 0.02570169712793721 0.08616187989556132
