0 0.028271866840731068 0.48368656168407315 0.056543733681462136 0.3433522356396867
0 0.11969647519582245 0.1814621409921671 0.13805483028720628 0.3577023498694517
0 0.05507506527415144 0.2271540469973891 0.09986945169712794 0.3315926892950392
0 0.20267624020887726 0.4386422976501305 0.20561357702349867 0.16449086161879897
0 0.13621899684470837 0.8041776788399239 0.1079471279373368 0.3524804177545693
0 0.24012728459530025 0.7219321148825065 0.0998694516971279 0.3681462140992167
0 0.03671671018276762 0.8544437418407311 0.07343342036553524 0.139696883159269
0 0.4589588772845953 0.09791122715404699 0.10280678851174933 0.18015665796344646
0 0.38075228459530025 0.38838120104438645 0.09766644908616186 0.31723237597911225
0 0.4787859007832898 0.4255874673629242 0.1439295039164491 0.30548302872062655
0 0.5995838772845953 0.48563968668407315 0.12263381201044382 0.3681462140992167
0 0.5077921018276762 0.7408616187989557 0.1975359007832897 0.19451697127937323
0 0.65098727154047 0.8492167101827676 0.1725685378590078 0.23107049608355099
0 0.8202513054830285 0.8616187989556136 0.2247062663185379 0.19321148825065265
0 0.8635770234986944 0.3446475195822454 0.17036553524804177 0.31070496083550914
0 0.8599053524804177 0.08746736292428199 0.2247062663185379 0.1566579634464752
0 0.6403394255874673 0.09791122715404699 0.09252610966057433 0.1932114882506527
