0 0.11822780678851175 0.18733681462140997 0.13364882506527415 0.3459530026109661
0 0.3381609007832898 0.10248041775456918 0.0785737597911227 0.20234986945169708
0 0.4541857049608355 0.08289817232375978 0.09766644908616193 0.16318537859007828
0 0.6363005874673628 0.11945169712793734 0.07710509138381198 0.21801566579634465
0 0.8529291775456919 0.08159268929503917 0.2180972584856397 0.14490861618798953
0 0.8503590078328981 0.30809399477806787 0.1923955613577023 0.2950391644908616
0 0.5970137075718016 0.4732375979112271 0.12630548302872058 0.3302872062663186
0 0.37414326332923875 0.38250652741514357 0.07416775456919061 0.3263707571801567
0 0.1839507180156658 0.4432114882506528 0.22544060052219322 0.1579634464751959
0 0.04552869892690656 0.22519582245430786 0.08958872944650242 0.3302872062663181
0 0.03634954308093996 0.47976417089361717 0.07269908616187992 0.3459546869333932
0 0.13364882506527415 0.827023498694517 0.11749347258485639 0.31201044386422977
0 0.23535411227154046 0.7265013054830287 0.09032310704960836 0.35900783289817234
0 0.47034105744125326 0.4184073107049609 0.1314458224543081 0.35639686684073113
0 0.4971442558746736 0.725195822454308 0.2173629242819843 0.17624020887728464
0 0.8195169712793734 0.8550913838120104 0.20267624020887723 0.15404699738903388
0 0.637402088772846 0.8407310704960835 0.17917754569190592 0.2140992167101828
