0 0.10611129242819843 0.8563968668407311 0.1652251958224543 0.17493472584856393
0 0.2860231878235636 0.8544384359182223 0.12850848563968667 0.1161879895561357
0 0.40425097911227154 0.8903393390412556 0.11382180156657959 0.08877284595300251
0 0.5404699738903394 0.883159402077522 0.04993472584856391 0.13968668407310703
0 0.3106233681462141 0.6834203655352481 0.0837140992167102 0.07180156657963437
0 0.2933665143603133 0.2741514360313316 0.05948107049608353 0.2715404699738903
0 0.3991106396866841 0.06135770234986945 0.049200391644908595 0.11488250652741515
0 0.3513789164490862 0.2630548302872062 0.03451370757180151 0.20757180156657962
0 0.4024151436031332 0.2793733681462141 0.054340731070496064 0.16971279373368148
0 0.36202676240208875 0.44582245430809403 0.04699738903394255 0.0718015665796345
0 0.4644663838120104 0.4830287206266318 0.0844484334203655 0.09660574412532646
0 0.48172323449795046 0.4138382066506503 0.08077676240208881 0.08616187989556132
0 0.5790225195822454 0.4830287206266318 0.06094973890339425 0.14099216710182766
0 0.5257832898172324 0.26827676240208875 0.07196475195822458 0.07702349869451694
0 0.7181788511749346 0.2251958224543081 0.08371409921671003 0.10574412532637073
