0 0.19496573107049606 0.07637075718015666 0.06682441253263707 0.0535248041775457
0 0.21883160302249757 0.15013054830287206 0.049934725848563975 0.054830287206266294
0 0.3300832245430809 0.04503916449086162 0.03745104438642301 0.0587467362924282
0 0.3803851174934726 0.07832898172323759 0.04993472584856391 0.09660574412532635
0 0.2907963446475195 0.25587467362924277 0.027904699738903426 0.07832898172323756
0 0.3444027415143603 0.4627937336814621 0.06021540469973893 0.050913838120104415
0 0.4310542219784626 0.45496092205535005 0.03377937336814625 0.03785900783289819
0 0.3972748041775456 0.44451697127937334 0.03231070496083554 0.040469973890339406
0 0.41122715404699733 0.5261096605744126 0.03231070496083554 0.06788511749347251
0 0.5602969973890339 0.6481723237597911 0.0925261096605744 0.06396866840731079
0 0.6370349216710183 0.6697127937336815 0.06682441253263711 0.08093994778067874
0 0.7475522193211488 0.7016971279373369 0.07490208877284601 0.0483028720626632
0 0.6337304177545691 0.8204960835509137 0.1351174934725848 0.09791122715404697
0 0.9157147519582245 0.8975195822454307 0.1218994778067885 0.12663185378590086
0 0.7409432114882506 0.7963446475195823 0.07343342036553523 0.13577023498694515
0 0.5334937989556136 0.9242819843342036 0.10354112271540465 0.1409921671018276
0 0.6932136396203901 0.9503916449086163 0.11896644373164172 0.09921671018276769
