0 0.12703981723237598 0.16906005221932116 0.14246083550913838 0.335509138381201
0 0.05837956919060052 0.22715404699738906 0.11675913838120104 0.32114882506527415
0 0.035248041775456915 0.47128447291122727 0.07049608355091383 0.32113862597911236
0 0.20818374673629245 0.447127850790603 0.19753590078328986 0.17362924281984335
0 0.14906984334203657 0.7878590078328982 0.08812010443864232 0.35378590078328975
0 0.24893929503916445 0.7225848563968669 0.08812010443864235 0.34334203655352474
0 0.34366840731070497 0.12075718015665796 0.0837140992167102 0.2310704960835509
0 0.3803851174934725 0.3870757180156658 0.11308746736292427 0.31723237597911225
0 0.4622655325707817 0.06984334203655353 0.11528616723441587 0.13968668407310705
0 0.4916367493472585 0.4281984334203655 0.14760117493472585 0.32898172323759794
0 0.5940763707571801 0.4627937336814621 0.12336814621409928 0.31984334203655346
0 0.5059562735517791 0.7402087541226787 0.2026762402088772 0.1514361578222096
0 0.6634709530026108 0.8244125326370757 0.1666938642297651 0.262402088772846
0 0.8044631201044384 0.8668407310704961 0.22397193211488242 0.20887728459530025
0 0.9629977009382162 0.44648022879152605 0.07400459812356784 0.3812112434725847
0 0.8797323341296416 0.10313248021403819 0.2335183666612636 0.1540469973890341
0 0.858436684073107 0.34073107049608353 0.18652088772845957 0.3002610966057441
