0 0.19900457539052202 0.14621403264270122 0.07490208877284595 0.052219321148825076
0 0.15531168407310705 0.20822454308093996 0.05654373368146212 0.04046997389033944
0 0.3836896214099217 0.07963446475195823 0.04038838120104444 0.08093994778067887
0 0.33155189295039167 0.04308093994778067 0.04038838120104437 0.07832898172323759
0 0.29446801566579633 0.24020887728459528 0.027904699738903388 0.07310704960835512
0 0.2529781331592689 0.5065274151436031 0.03304503916449086 0.0939947780678851
0 0.39286879378901224 0.43994778067885115 0.0352480417754569 0.05221932114882498
0 0.4240779912444433 0.4497389100516568 0.031576370757180144 0.05091383812010442
0 0.410492819843342 0.5202349869451698 0.044060052219321195 0.07180156657963443
0 0.3477072454308094 0.46866840731070497 0.03891971279373365 0.04438642297650133
0 0.3289817232375979 0.5306788511749347 0.045528720626631804 0.10313315926892955
0 0.5375326370757181 0.5378590078328982 0.054340731070496064 0.08616187989556132
0 0.5650701697127937 0.6533942558746736 0.08738577023498699 0.09530026109660575
0 0.6410737453246392 0.6697127205022716 0.10280678851174926 0.07571801566579638
0 0.6300587467362924 0.8146214099216711 0.10427545691906005 0.09921671018276754
0 0.7427790469973892 0.789817232375979 0.0741677545691907 0.13315926892950386
0 0.909472911227154 0.9295039164490863 0.12557114882506526 0.13054830287206257
0 0.7001876631853786 0.9281984334203657 0.10941579634464745 0.10182767624020883
0 0.5353296437646342 0.9295039164490863 0.11015013054830292 0.14099216710182774
