0 0.11308746736292427 0.1755874673629243 0.13218015665796343 0.293733681462141
0 0.03891971279373368 0.18994778067885118 0.07783942558746736 0.2702349869451697
0 0.03745104438642297 0.4588823841383812 0.07490208877284595 0.3485537695822455
0 0.18725522193211488 0.4112271540469974 0.21148825065274152 0.22454308093994782
0 0.37561194516971275 0.3550913838120105 0.0653557441253264 0.3524804177545693
0 0.46813805483028725 0.41057441253263705 0.10354112271540472 0.30417754569190597
0 0.5871001958224543 0.43798955613577023 0.10207245430809402 0.3172323759791123
0 0.6575962793733682 0.14751958224543082 0.09619778067885115 0.24281984334203657
0 0.45749236024702183 0.06005221932114883 0.13364452232579965 0.12010443864229765
0 0.5070577676240209 0.7238903394255874 0.2107539164490862 0.21018276762402097
0 0.26179014360313313 0.7180156657963447 0.12703981723237598 0.34986945169712785
0 0.14392946671692 0.8270236118703324 0.11015013054830287 0.2989556135770235
0 0.04259138381201044 0.8439998776109661 0.08518276762402088 0.11619818864229757
0 0.6252855713125719 0.8204956641346574 0.19459856396866837 0.13968668407310703
0 0.8202513054830285 0.8387728459530027 0.19092689295039164 0.13446475195822458
0 0.8408149685198333 0.06526963106082284 0.18211931544435386 0.0966057441253264
0 0.8613740208877283 0.30156657963446476 0.17036553524804177 0.28720626631853785
