0 0.3847911227154047 0.07114882506527415 0.03377937336814618 0.11096605744125325
0 0.32971605744125326 0.04634464751958224 0.029373368146214104 0.09007832898172323
0 0.40131363713104884 0.44778058564756246 0.1020724543080941 0.09138381201044388
0 0.616840731070496 0.8237597911227154 0.12483681462140993 0.09138381201044382
0 0.5467118146214099 0.6331592689295039 0.07710509138381191 0.09921671018276769
0 0.6403394297207483 0.6808092397001855 0.09986945169712795 0.06919060052219322
0 0.9171834203655352 0.9138381201044388 0.13218015665796343 0.09921671018276769
0 0.7409432114882506 0.7637075718015666 0.07637075718015666 0.122715404699739
0 0.5382669785126152 0.9353785900783292 0.10133812010443861 0.12924281984334202
0 0.40608694068648066 0.5365528124622816 0.04552872062663184 0.06788511749347251
0 0.1035411227154047 0.27023498694516973 0.060215404699738906 0.05744125326370753
0 0.18945822454308092 0.31853785900783294 0.052872062663185344 0.0522193211488251
0 0.3256772193211488 0.4073107049608355 0.04920039164490855 0.03916449086161883
