0 0.1387891644908616 0.860313315926893 0.09840078328981722 0.15665796344647517
0 0.5514849869451697 0.8642297650130547 0.057278067885117426 0.10182767624020883
0 0.407188315926893 0.8844647519582246 0.09913511749347258 0.08224543080939953
0 0.30988903807583984 0.7101826744204084 0.09693211488250654 0.08093994778067895
0 0.3455042428198433 0.6220626631853786 0.0859171018276762 0.09007832898172324
0 0.30988903394255873 0.3035248041775457 0.061684073107049604 0.23368146214099217
0 0.3399967362924282 0.1906005221932115 0.05874673629242814 0.16449086161879894
0 0.3803851174934725 0.1449086161879896 0.07490208877284595 0.1932114882506528
0 0.3998449738903394 0.048955613577023493 0.06829308093994783 0.07180156657963446
0 0.38148661879895557 0.4497389033942559 0.06682441253263711 0.09007832898172324
0 0.4020479672014232 0.3694515373503158 0.0844484334203655 0.14360313315926895
0 0.4747470471633816 0.47911229151267276 0.0785737597911227 0.07832898172323759
0 0.48576207571801566 0.39882506527415146 0.05801240208877289 0.07441253263707573
0 0.49090241514360317 0.2774151436031332 0.047731723237597945 0.07441253263707573
0 0.5768195169712794 0.5783289817232375 0.031576370757180214 0.10443864229765012
0 0.5529536553524804 0.3550913838120104 0.06021540469973893 0.10443864229765008
