0 0.033045039164490864 0.08877284595300262 0.04112271540469974 0.14882506527415143
0 0.02643603133159269 0.35900783289817234 0.03818537859007833 0.10704960835509138
0 0.019827015232132497 0.5156657963446475 0.023498694516971275 0.13054830287206265
0 0.052137728459530026 0.6827676240208876 0.04112271540469974 0.12793733681462144
0 0.12593831592689295 0.5939947780678851 0.06682441253263706 0.09399477806788518
0 0.12410248041775457 0.8668407310704961 0.041122715404699764 0.15143603133159275
0 0.10464262402088773 0.06919060052219322 0.058012402088772855 0.08093994778067887
0 0.145765362158633 0.146866874018075 0.0418570496083551 0.12924281984334204
0 0.17844321148825068 0.152088772845953 0.03671671018276765 0.12924281984334204
0 0.11749348601801969 0.256527451759308 0.07343342036553527 0.074412778960909
0 0.128141318537859 0.33485639686684077 0.06094973890339425 0.07963446475195828
0 0.17513870757180158 0.39947780678851175 0.03745104438642295 0.12010443864229771
0 0.21185541775456918 0.27088772845953 0.038919712793733685 0.10052219321148825
0 0.2606886422976501 0.17036553524804177 0.03377937336814625 0.16318537859007834
0 0.31759954308093996 0.06723237597911227 0.04038838120104444 0.1031331592689295
0 0.39360313315926887 0.13120104438642297 0.03524804177545697 0.15535248041775454
0 0.44941253263707565 0.10966057441253264 0.039654046997389045 0.12532637075718017
0 0.5320251305483028 0.15274151436031333 0.06682441253263705 0.07832898172323759
0 0.5496491514360313 0.0639686684073107 0.03891971279373372 0.09660574412532638
0 0.5797568775522666 0.13185365275276537 0.04038838120104444 0.10443864229765012
0 0.4248123368146214 0.2774151436031332 0.052137728459530026 0.12924281984334204
0 0.2860231723237598 0.27088772845953 0.04479438642297648 0.12402088772845957
0 0.3359579167720883 0.2708876352559175 0.043325718015665766 0.10313315926892949
0 0.37010443864229764 0.3328981989533634 0.07490208877284601 0.06788511749347254
0 0.4031494778067885 0.47845953002610964 0.055809399477806776 0.15796344647519575
0 0.31062341051234443 0.61749349921446 0.04112271540469972 0.12532637075718006
0 0.35027741514360317 0.6377284595300261 0.024967362924281956 0.09268929503916447
0 0.48943374673629236 0.7023498694516971 0.06976174934725854 0.11749347258485628
0 0.5008159268929504 0.8466057441253264 0.05287206266318542 0.14751958224543088
0 0.45822669445067715 0.9738903394255874 0.05727376514564291 0.05221932114882506
0 0.8121736292428199 0.9157963446475196 0.0778394255874673 0.09007832898172324
0 0.9594097884454552 0.9490861618798957 0.04039268394051902 0.10182767624020883
0 0.6752203002610966 0.7748041775456919 0.05801240208877289 0.12402088772845957
0 0.5981152088772845 0.7108355091383811 0.10354112271540472 0.0718015665796345
0 0.5522193211488251 0.5306788511749347 0.03818537859007847 0.13185378590078328
0 0.4864964099216711 0.5515665796344648 0.03745104438642294 0.12140992167101829
0 0.47034105744125326 0.4719321148825065 0.0565437336814621 0.0718015665796345
0 0.4148988250652741 0.4138381201044386 0.09105744125326375 0.06527415143603128
0 0.505589114716514 0.25522183891127 0.05801240208877281 0.07180156657963443
0 0.45822454308093996 0.2891644908616188 0.022030026109660598 0.14490861618798953
0 0.5459774804177545 0.28916449086161883 0.08738577023498699 0.08746736292428199
0 0.5386341383812011 0.37010443864229764 0.08151109660574413 0.0613577023498695
0 0.6083958877284595 0.3335509138381201 0.06829308093994775 0.06919060052219322
0 0.6590649550139206 0.3139688015553287 0.07857375979112263 0.04830287206266323
0 0.7240535196375762 0.2943864562635058 0.07049608355091394 0.04308093994778066
0 0.7354357049608354 0.4614882506527415 0.05066906005221938 0.11879895561357699
0 0.6836651436031331 0.49543080939947776 0.039654046997388975 0.14751958224543074
0 0.6370349216710182 0.44778067885117495 0.07563642297650133 0.08355091383812009
0 0.6208795691906005 0.5234986945169713 0.0785737597911227 0.05744125326370764
0 0.732498368146214 0.5744125326370757 0.06976174934725833 0.060052219321148785
0 0.7963854438642298 0.45365535248041783 0.060949738903394175 0.10052219321148818
0 0.8242901322366103 0.5509137249442894 0.05360639686684067 0.07049608355091387
0 0.8804667101827676 0.5221932114882506 0.06462140992167108 0.09921671018276762
0 0.9483926240208876 0.4543080939947781 0.07563642297650133 0.06788511749347258
0 0.9597748041775457 0.6834203655352481 0.07637075718015666 0.07180156657963437
0 0.8980907310704961 0.6364229765013054 0.10721279373368148 0.08224543080939944
0 0.8040959530026108 0.6494778067885117 0.08812010443864239 0.06919060052219322
0 0.7684807441253264 0.6919060052219322 0.07123041775456912 0.09921671018276769
0 0.754161227154047 0.7539163891695541 0.08371409921671014 0.04569202583843845
0 0.6697127937336815 0.6468668407310705 0.039654046997389114 0.10052219321148825
0 0.702023498694517 0.6886422976501305 0.023498694516971314 0.12140992167101836
0 0.7622389033942559 0.814621409921671 0.0866514360313316 0.04699738903394248
0 0.8547650130548302 0.7154046997389034 0.09546344647519589 0.04960835509138377
0 0.8459530026109661 0.7754569190600523 0.06609007832898171 0.05221932114882506
0 0.9447209602358526 0.2499999067963875 0.10207245430809393 0.0483028720626632
0 0.8551321801566578 0.33420365535248037 0.06829308093994783 0.06266318537859003
0 0.8529291775456919 0.42297650130548303 0.049200391644908734 0.10443864229765012
0 0.7930809399477806 0.15078328981723238 0.06462140992167108 0.08746736292428199
0 0.8305319843342036 0.2473890339425587 0.10574412532637069 0.09530026109660572
0 0.6785248041775458 0.05091383812010444 0.06462140992167108 0.06527415143603134
0 0.7556298955613576 0.06135770234986945 0.07049608355091365 0.0783289817232376
0 0.8408126631853784 0.07310704960835508 0.057278067885117565 0.10704960835509138
0 0.945822454308094 0.054177545691906 0.03231070496083561 0.10574412532637074
0 0.9080042428198434 0.14360313315926893 0.06682441253263705 0.08616187989556134
