0 0.12997715404699736 0.18668407310704965 0.14246083550913835 0.32375979112271547
0 0.057278067885117495 0.2441253263707572 0.10133812010443863 0.3655352480417755
0 0.03488087467362924 0.5032688071148824 0.06976174934725848 0.3563866677545692
0 0.14135933420365535 0.7878590078328981 0.08591710182767623 0.3302872062663185
0 0.24636912532637076 0.7265013054830287 0.0976664490861619 0.37206266318537845
0 0.20304340731070497 0.44908616187989553 0.22397193211488248 0.15143603133159267
0 0.05066906005221931 0.8655352480417754 0.09986945169712792 0.1409921671018276
0 0.4413348563968668 0.09334203655352483 0.09840078328981719 0.15796344647519583
0 0.37891644908616184 0.38707571801566587 0.12336814621409925 0.3302872062663186
0 0.47658289817232374 0.4295039164490862 0.1351174934725848 0.3315926892950392
0 0.590771866840731 0.4869451697127938 0.11675913838120096 0.35509138381201055
0 0.49751142297650125 0.75 0.20341057441253255 0.18668407310704965
0 0.8591710182767623 0.09138381201044385 0.21442558746736295 0.14621409921671016
0 0.8591710182767623 0.3439947780678851 0.18358355091383827 0.30156657963446476
0 0.6594321148825065 0.8413838120104438 0.1674281984334204 0.2545691906005223
0 0.814376631853786 0.8831592689295039 0.21001958224543088 0.20496083550913838
0 0.9600603785900783 0.44516971279373363 0.07987924281984334 0.360313315926893
