0 0.12483681462140993 0.8361618798955612 0.13218015665796345 0.1997389033942558
0 0.5412043080939948 0.868798955613577 0.0514033942558747 0.10835509138381212
0 0.39617330287206265 0.8792428198433422 0.09766644908616186 0.09268929503916454
0 0.28345300261096606 0.8616187989556136 0.11896214099216706 0.14621409921671016
0 0.3091546997389034 0.7121409921671018 0.07637075718015666 0.0744125326370758
0 0.3433012402088773 0.6253263707571801 0.06976174934725851 0.08877284595300267
0 0.30034268929503916 0.27349857468375516 0.06021540469973892 0.251958224543081
0 0.35541775456919056 0.24347258485639686 0.04112271540469969 0.16840731070496087
0 0.3785492819843342 0.21671018276762402 0.0653557441253264 0.20365535248041775
0 0.39360313315926887 0.05613577023498695 0.057278067885117495 0.08355091383812012
0 0.4567558746736293 0.23172323759791122 0.029373368146214104 0.11357702349869449
0 0.5514849869451697 0.25391644908616184 0.052872062663185344 0.10574412532637073
0 0.47988740208877284 0.40143603133159267 0.062418407310704964 0.06919060052219322
0 0.4912695822454308 0.48237597911227154 0.057278067885117565 0.05874673629242821
0 0.3675342513630596 0.44516971945113454 0.03745104438642294 0.06788511749347258
0 0.4215078328981723 0.42689295039164493 0.06168407310704957 0.15665796344647517
0 0.5841628590078328 0.5234986945169713 0.024233028720626635 0.08093994778067881
