0 0.3803851174934726 0.06135770234986945 0.03377937336814625 0.0783289817232376
0 0.3304503916449086 0.038511749347258484 0.03084203655352482 0.07180156657963446
0 0.08151109660574413 0.24934725848563968 0.057278067885117495 0.05221932114882506
0 0.15090568091781542 0.31070492754850465 0.03745104438642295 0.04960835509138381
0 0.2878590078328982 0.22193211488250653 0.02643603133159271 0.054830287206266315
0 0.33338772845953 0.3537859007832898 0.06755874673629243 0.11227154046997388
0 0.3300832245430809 0.5411227154046998 0.028639033942558748 0.13185378590078323
0 0.34219973890339417 0.4601827676240209 0.042591383812010476 0.0613577023498695
0 0.39140013054830275 0.4516971279373368 0.03671671018276761 0.04438642297650133
0 0.4299526721069279 0.44647512259104444 0.04038838120104437 0.02872062663185382
0 0.4090241514360314 0.5182767624020888 0.03084203655352475 0.0704960835509138
0 0.5529536429526374 0.6312010643586258 0.08518276762402102 0.10052219321148825
0 0.638503590078329 0.674934725848564 0.08885443864229771 0.11749347258485641
0 0.6241840731070496 0.8433420365535248 0.11749347258485648 0.11227154046997384
0 0.5456103133159269 0.9425587467362925 0.0925261096605744 0.11227154046997384
0 0.9057195751871646 0.9073107582200427 0.0857539164490862 0.1514360313315926
0 0.7343342036553525 0.7741514360313317 0.06315274151436043 0.14882506527415146
0 0.38479111238220215 0.7558747002588463 0.06021540469973892 0.08093994778067895
